City,Site,Lat,Long,Month,Day,Year,FA DI1,FA DI2,Major Axis FA,Minor Axis FA,Temp,Sample ID
Hermosillo,1,29.08268637,-110.9556745,10,10,2014,0,0,0.008,0.682,29.63,20
Hermosillo,2,29.1287,-110.9547,10,8,2014,0,0,0.008,0.015,29.35,24
Hermosillo,3,29.1341632,-110.9654744,10,8,2014,0,0,0.015,0.019,29.3,1
Hermosillo,3,29.1341632,-110.9654744,8,15,2014,0,0,0.01,0.019,29.3,2
Hermosillo,3,29.1341632,-110.9654744,9,10,2014,0,0,0.014,0.01,29.3,12
Hermosillo,3,29.1341632,-110.9654744,10,9,2014,0,0,,,29.3,13
Hermosillo,3,29.1341632,-110.9654744,9,10,2014,0,0,0.023,0.029,29.3,18
Hermosillo,3,29.1341632,-110.9654744,10,8,2014,0,0,0.008,0.013,29.3,21
Hermosillo,3,29.1341632,-110.9654744,8,13,2014,0,0,0.022,0,29.3,22
Hermosillo,5,29.0915,-110.9815,9,9,2014,0,0,,,29.65,3
Hermosillo,7,29.07992685,-110.9857602,8,13,2014,0,0,0.009,0.003,29.65,3
Hermosillo,7,29.07992685,-110.9857602,8,13,2014,0,0,0,0.009,29.65,5
Hermosillo,9,29.10079634,-111.0141063,8,15,2014,0,0,0.021,0.024,29.6,11
Hermosillo,12,29.05892086,-110.9570923,8,14,2014,0,0,0.01,0.733,29.6,2
Hermosillo,12,29.05892086,-110.9570923,8,14,2014,0,0,0.01,0.582,29.6,5
Hermosillo,12,29.05892086,-110.9570923,10,9,2014,0,0,,,29.6,5
Hermosillo,12,29.05892086,-110.9570923,10,9,2014,0,0,0.034,0.015,29.6,6
Hermosillo,12,29.05892086,-110.9570923,10,8,2014,0,0,0.014,0.024,29.6,7
Hermosillo,12,29.05892086,-110.9570923,10,9,2014,0,0,0.01,0.01,29.6,20
Hermosillo,13,29.03327954,-110.9511223,10,7,2014,0,0,,,29.45,1
Hermosillo,13,29.03327954,-110.9511223,10,9,2014,0,0,0.012,0.017,29.45,1
Hermosillo,13,29.03327954,-110.9511223,10,10,2014,0,0,0.005,0.777,29.45,15
Hermosillo,13,29.03327954,-110.9511223,8,15,2014,0,0,,,29.45,16
Hermosillo,13,29.03327954,-110.9511223,8,14,2014,0,0,0.014,0.605,29.45,18
Hermosillo,13,29.03327954,-110.9511223,10,9,2014,0,0,0.008,0.709,29.45,23
Hermosillo,14,29.05154527,-110.9784334,10,7,2014,0,0,0.008,,29.55,16
Hermosillo,14,29.05154527,-110.9784334,10,7,2014,0,0,,0.017,29.55,27
Hermosillo,16,29.1078,-110.9504,9,10,2014,0,0,0.001,,29.55,3
Hermosillo,19,29.14767034,-111.0145166,10,10,2014,0,0,0.015,0.803,29.5,8
Hermosillo,19,29.14767034,-111.0145166,10,10,2014,0,0,0.003,,29.5,19
Hermosillo,22,29.14538759,-111.0306748,8,15,2014,0,0,0.017,,29.5,16
Hermosillo,25,29.10645801,-110.9624499,10,7,2014,0,0,0.001,0.774,29.58,9
Hermosillo,27,29.12335099,-111.0004162,10,8,2014,0,0,,,29.63,4
Hermosillo,27,29.12335099,-111.0004162,8,15,2014,0,0,0.034,0.043,29.63,14
Hermosillo,32,29.05102444,-110.9366125,9,9,2014,0,0,0.036,0.068,29.35,3
Hermosillo,32,29.05102444,-110.9366125,10,7,2014,0,0,0.036,0.018,29.35,10
Hermosillo,32,29.05102444,-110.9366125,8,15,2014,0,0,,,29.35,17
Hermosillo,34,29.09305822,-110.9187056,8,12,2014,0,0,,,29.35,1
Hermosillo,34,29.09305822,-110.9187056,8,15,2014,0,0,0.007,0.017,29.35,6
Hermosillo,35,29.09455466,-110.9467704,10,10,2014,0,0,0.009,0.009,29.5,10
Hermosillo,35,29.09455466,-110.9467704,10,10,2014,0,0,0.011,0.678,29.5,16
Hermosillo,36,29.07846858,-110.9387508,8,13,2014,0,0,0.029,0.028,29.5,2
Hermosillo,37,29.08455708,-111.0367723,8,13,2014,0,0,,,,12
Hermosillo,37,29.08455708,-111.0367723,10,9,2014,0,0,0.018,0.747,,12
Hermosillo,6,29.07245979,-110.9721396,10,7,2014,0.001,0.0102,0.003,,29.65,10
Hermosillo,12,29.05892086,-110.9570923,10,9,2014,0.001,0.0236,0.004,0.021,29.6,45
Hermosillo,13,29.03327954,-110.9511223,8,15,2014,0.001,0.0276,0.005,0.024,29.45,9
Hermosillo,20,29.15563549,-111.0193942,10,9,2014,0.001,0.0144,0.022,0.023,29.43,20
Hermosillo,26,29.13991804,-110.9698462,8,15,2014,0.001,0.0056,0.005,0.002,29.38,10
Hermosillo,34,29.09305822,-110.9187056,9,12,2014,0.001,0.0068,,,29.35,22
Hermosillo,40,29.05496287,-110.9962205,10,10,2014,0.001,0.0028,,,29.55,3
Hermosillo,4,29.12245072,-110.9720153,10,9,2014,0.002,0.0188,0.001,0.002,29.58,6
Hermosillo,14,29.05154527,-110.9784334,10,10,2014,0.002,0.0016,,,29.55,33
Hermosillo,14,29.05154527,-110.9784334,10,7,2014,0.002,0.0328,0.002,0.002,29.55,41
Hermosillo,21,29.16883305,-111.0196216,10,8,2014,0.002,0.0016,0.01,0.009,29.3,22
Hermosillo,24,29.13179965,-111.0213722,10,7,2014,0.002,0.0078,0.011,0.039,29.6,6
Hermosillo,24,29.13179965,-111.0213722,9,11,2014,0.002,0.004,,,29.6,9
Hermosillo,19,29.14767034,-111.0145166,10,7,2014,0.003,0.0014,0.018,0.022,29.5,7
Hermosillo,25,29.10645801,-110.9624499,9,10,2014,0.003,0.0058,0.024,0.749,29.58,17
Hermosillo,27,29.12335099,-111.0004162,10,10,2014,0.003,0.0382,0.021,0.01,29.63,9
Hermosillo,32,29.05102444,-110.9366125,10,7,2014,0.003,0.0016,0.011,0.7,29.35,1
Hermosillo,35,29.09455466,-110.9467704,10,9,2014,0.003,0.0094,,,29.5,14
Hermosillo,34,29.09305822,-110.9187056,10,8,2014,0.004,0.0644,,,29.35,40
Hermosillo,35,29.09455466,-110.9467704,10,9,2014,0.004,0.0018,0.015,0.001,29.5,13
Hermosillo,38,29.08647553,-111.0034548,10,9,2014,0.004,0.0092,0.004,,29.6,6
Hermosillo,7,29.07992685,-110.9857602,10,9,2014,0.005,0.0116,0.02,0.013,29.65,11
Hermosillo,7,29.07992685,-110.9857602,10,8,2014,0.005,0.0024,0.006,0.004,29.65,33
Hermosillo,8,29.104,-111.002,8,13,2014,0.005,0.0192,0.005,0.003,29.6,2
Hermosillo,12,29.05892086,-110.9570923,10,9,2014,0.005,0.013,0.025,0.018,29.6,16
Hermosillo,23,,,10,7,2014,0.005,0.0016,0.017,0.027,,33
Hermosillo,37,29.08455708,-111.0367723,10,9,2014,0.005,0.029,0.024,0.02,,6
Hermosillo,9,29.10079634,-111.0141063,10,9,2014,0.006,0.0026,0.013,0.002,29.6,7
Hermosillo,21,29.16883305,-111.0196216,10,8,2014,0.006,0.0072,0.005,0.025,29.3,6
Hermosillo,22,29.14538759,-111.0306748,10,8,2014,0.006,0.011,,,29.5,28
Hermosillo,40,29.05496287,-110.9962205,10,9,2014,0.006,0.003,0.004,0.061,29.55,10
Hermosillo,12,29.05892086,-110.9570923,9,12,2014,0.007,0.0074,,,29.6,19
Hermosillo,14,29.05154527,-110.9784334,10,7,2014,0.007,0.0168,0.023,0.021,29.55,17
Hermosillo,35,29.09455466,-110.9467704,10,9,2014,0.007,0.01,0.02,,29.5,9
Hermosillo,3,29.1341632,-110.9654744,8,12,2014,0.008,0.0166,,,29.3,27
Hermosillo,20,29.15563549,-111.0193942,10,9,2014,0.008,0.0186,0.014,0.011,29.43,27
Hermosillo,21,29.16883305,-111.0196216,9,12,2014,0.008,0.005,0.015,0.004,29.3,31
Hermosillo,22,29.14538759,-111.0306748,10,9,2014,0.008,0.0024,,,29.5,19
Hermosillo,2,29.1287,-110.9547,10,7,2014,0.009,0.0386,0.011,0.007,29.35,23
Hermosillo,7,29.07992685,-110.9857602,10,9,2014,0.009,0.0266,0.01,0.012,29.65,26
Hermosillo,9,29.10079634,-111.0141063,8,14,2014,0.009,0.0454,0.008,0.008,29.6,8
Hermosillo,14,29.05154527,-110.9784334,9,11,2014,0.009,0.0036,,,29.55,27
Hermosillo,16,29.1078,-110.9504,9,10,2014,0.009,0.0002,0.036,0.021,29.55,5
Hermosillo,35,29.09455466,-110.9467704,9,9,2014,0.009,0.03,0.012,0.004,29.5,24
Hermosillo,19,29.14767034,-111.0145166,10,10,2014,0.01,0.0146,0.027,0.008,29.5,23
Hermosillo,19,29.14767034,-111.0145166,10,10,2014,0.01,0.025,0,0.717,29.5,24
Hermosillo,22,29.14538759,-111.0306748,10,7,2014,0.01,0.0008,0.003,0.006,29.5,35
Hermosillo,27,29.12335099,-111.0004162,10,10,2014,0.01,0.024,0.007,0.009,29.63,2
Hermosillo,35,29.09455466,-110.9467704,9,9,2014,0.01,0.009,0.002,0.014,29.5,5
Hermosillo,37,29.08455708,-111.0367723,8,14,2014,0.01,0.0276,0.028,0.035,,24
Hermosillo,1,29.08268637,-110.9556745,10,8,2014,0.011,0.0038,0.005,0.013,29.63,29
Hermosillo,13,29.03327954,-110.9511223,8,14,2014,0.011,0.022,0.012,0.005,29.45,5
Hermosillo,13,29.03327954,-110.9511223,10,10,2014,0.011,0.001,,,29.45,8
Hermosillo,15,29.0164,-110.9426,8,13,2014,0.011,0.016,0.005,0.003,29.3,19
Hermosillo,27,29.12335099,-111.0004162,10,10,2014,0.011,0.009,,,29.63,22
Hermosillo,29,29.00125782,-110.9450795,8,14,2014,0.011,0.0112,0.013,0.022,,4
Hermosillo,13,29.03327954,-110.9511223,10,9,2014,0.012,0.0032,,,29.45,19
Hermosillo,38,29.08647553,-111.0034548,10,10,2014,0.012,0.019,0.002,0.007,29.6,9
Hermosillo,1,29.08268637,-110.9556745,9,9,2014,0.013,0.0152,0.009,0.003,29.63,22
Hermosillo,5,29.0915,-110.9815,10,8,2014,0.013,0.015,0.017,0.002,29.65,26
Hermosillo,20,29.15563549,-111.0193942,10,9,2014,0.013,0.0016,0.008,0.012,29.43,3
Hermosillo,9,29.10079634,-111.0141063,10,9,2014,0.014,0.0072,0.005,0.009,29.6,21
Hermosillo,24,29.13179965,-111.0213722,10,8,2014,0.014,0.0062,0.024,0.026,29.6,29
Hermosillo,1,29.08268637,-110.9556745,10,10,2014,0.015,0.0076,0.003,0.028,29.63,22
Hermosillo,4,29.12245072,-110.9720153,8,13,2014,0.015,0.0318,0.014,0.005,29.58,8
Hermosillo,9,29.10079634,-111.0141063,8,14,2014,0.015,0.0706,0.01,0.023,29.6,32
Hermosillo,12,29.05892086,-110.9570923,8,14,2014,0.015,0.0256,0.01,0.02,29.6,19
Hermosillo,14,29.05154527,-110.9784334,8,12,2014,0.015,0.0142,0.017,0.01,29.55,30
Hermosillo,21,29.16883305,-111.0196216,10,8,2014,0.015,0.0338,0.018,0.017,29.3,22
Hermosillo,24,29.13179965,-111.0213722,9,10,2014,0.015,0,0.002,0.022,29.6,39
Hermosillo,5,29.0915,-110.9815,9,11,2014,0.016,0.0064,0.01,0.711,29.65,7
Hermosillo,22,29.14538759,-111.0306748,10,7,2014,0.017,0.0052,0.036,0.002,29.5,1
Hermosillo,22,29.14538759,-111.0306748,10,9,2014,0.017,0.0256,0.02,0.011,29.5,10
Hermosillo,1,29.08268637,-110.9556745,9,10,2014,0.018,0.0562,0.018,0.021,29.63,29
Hermosillo,6,29.07245979,-110.9721396,10,10,2014,0.018,0.0224,0.004,0.021,29.65,11
Hermosillo,9,29.10079634,-111.0141063,8,12,2014,0.018,0.0122,0,0.649,29.6,6
Hermosillo,13,29.03327954,-110.9511223,10,10,2014,0.018,0.0572,0.046,0.026,29.45,15
Hermosillo,20,29.15563549,-111.0193942,10,9,2014,0.018,0.0332,0.001,0.026,29.43,12
Hermosillo,25,29.10645801,-110.9624499,9,12,2014,0.018,0.014,0.005,0.016,29.58,10
Hermosillo,25,29.10645801,-110.9624499,8,14,2014,0.018,0.002,0.006,0,29.58,28
Hermosillo,26,29.13991804,-110.9698462,8,13,2014,0.018,0.0084,,,29.38,4
Hermosillo,30,29.00859292,-110.93271,10,9,2014,0.018,0.0102,,,29.3,3
Hermosillo,34,29.09305822,-110.9187056,9,9,2014,0.018,0.0298,0.009,0.681,29.35,18
Hermosillo,18,29.14349908,-110.9831015,10,8,2014,0.019,0.0044,0.009,0.007,29.38,24
Hermosillo,7,29.07992685,-110.9857602,10,8,2014,0.02,0.0476,0.037,0.56,29.65,28
Hermosillo,9,29.10079634,-111.0141063,10,10,2014,0.02,0.0246,0.008,0.002,29.6,6
Hermosillo,9,29.10079634,-111.0141063,10,10,2014,0.02,0.0116,0.001,0.003,29.6,13
Hermosillo,5,29.0915,-110.9815,9,11,2014,0.021,0.0254,0.027,0.017,29.65,8
Hermosillo,9,29.10079634,-111.0141063,10,9,2014,0.021,0.0074,0.006,0.005,29.6,10
Hermosillo,25,29.10645801,-110.9624499,10,9,2014,0.021,0.0012,0.022,0.028,29.58,10
Hermosillo,37,29.08455708,-111.0367723,10,9,2014,0.021,0.0282,0.023,0.035,,2
Hermosillo,1,29.08268637,-110.9556745,10,8,2014,0.022,0.005,,,29.63,17
Hermosillo,5,29.0915,-110.9815,8,15,2014,0.022,0.0172,0.005,0.024,29.65,3
Hermosillo,27,29.12335099,-111.0004162,10,7,2014,0.022,0.0176,0.004,0.012,29.63,2
Hermosillo,3,29.1341632,-110.9654744,9,9,2014,0.023,0.0038,0.002,0.013,29.3,8
Hermosillo,4,29.12245072,-110.9720153,10,9,2014,0.023,0.014,0.005,0.007,29.58,13
Hermosillo,20,29.15563549,-111.0193942,10,9,2014,0.024,0.003,,,29.43,10
Hermosillo,27,29.12335099,-111.0004162,10,7,2014,0.024,0.0098,0.023,0.016,29.63,1
Hermosillo,21,29.16883305,-111.0196216,10,8,2014,0.025,0.0044,0.012,0.059,29.3,9
Hermosillo,7,29.07992685,-110.9857602,10,9,2014,0.026,0.0066,0.016,0.009,29.65,15
Hermosillo,39,29.06849282,-110.9926592,10,8,2014,0.026,0.0108,,,29.6,14
Hermosillo,9,29.10079634,-111.0141063,10,10,2014,0.027,0.0034,,,29.6,19
Hermosillo,38,29.08647553,-111.0034548,10,10,2014,0.027,0.0174,,,29.6,6
Hermosillo,25,29.10645801,-110.9624499,10,7,2014,0.028,0.0082,0.021,0.019,29.58,6
Hermosillo,2,29.1287,-110.9547,9,12,2014,0.029,0.0112,0.014,,29.35,11
Hermosillo,13,29.03327954,-110.9511223,10,8,2014,0.029,0.007,,,29.45,21
Hermosillo,6,29.07245979,-110.9721396,10,8,2014,0.03,0.0002,0.007,0.013,29.65,7
Hermosillo,4,29.12245072,-110.9720153,8,15,2014,0.031,0.0308,,,29.58,4
Hermosillo,2,29.1287,-110.9547,10,9,2014,0.034,0.0358,0.035,0.012,29.35,9
Hermosillo,14,29.05154527,-110.9784334,10,7,2014,0.034,0.0136,0.048,0.002,29.55,25
Hermosillo,14,29.05154527,-110.9784334,10,7,2014,0.035,0.0058,,,29.55,5
Hermosillo,38,29.08647553,-111.0034548,10,9,2014,0.035,0.0294,0.015,,29.6,8
Hermosillo,1,29.08268637,-110.9556745,10,10,2014,0.041,0.049,0.023,0.078,29.63,19
Hermosillo,9,29.10079634,-111.0141063,10,9,2014,0.041,0.0156,0.015,,29.6,1
Hermosillo,19,29.14767034,-111.0145166,10,7,2014,0.041,0.0204,0.012,0.009,29.5,2
Hermosillo,4,29.12245072,-110.9720153,8,15,2014,0.042,0.0136,,,29.58,8
Hermosillo,6,29.07245979,-110.9721396,10,7,2014,0.043,0.0048,,,29.65,44
Hermosillo,14,29.05154527,-110.9784334,8,13,2014,0.048,0.001,0.025,0.03,29.55,3
Hermosillo,17,32.246188,-110.897939,10,10,2014,0.052,0.0276,0.023,0.018,29.15,28
Hermosillo,37,29.08455708,-111.0367723,10,9,2014,0.052,0.0164,0.014,0.013,,25
Hermosillo,2,29.1287,-110.9547,10,8,2014,0.053,0.0022,0.015,0.075,29.35,2
Hermosillo,27,29.12335099,-111.0004162,8,12,2014,0.054,0.0006,0.02,0.018,29.63,7
Hermosillo,6,29.07245979,-110.9721396,10,7,2014,0.057,0.0268,0.024,0.019,29.65,34
Hermosillo,32,29.05102444,-110.9366125,9,11,2014,0.062,0.0256,0.019,0.015,29.35,6
Hermosillo,1,29.08268637,-110.9556745,8,13,2014,0.842,0.4958,,,29.63,13
Hermosillo,1,29.08268637,-110.9556745,8,12,2014,0.853,0.5058,0.007,0.009,29.63,1
Hermosillo,1,29.08268637,-110.9556745,8,13,2014,,,2.169,,29.63,1
Hermosillo,1,29.08268637,-110.9556745,8,13,2014,,,2.746,0,29.63,1
Hermosillo,1,29.08268637,-110.9556745,9,10,2014,,,0.05,0.059,29.63,2
Hermosillo,1,29.08268637,-110.9556745,9,11,2014,,,2.973,0.817,29.63,3
Hermosillo,1,29.08268637,-110.9556745,10,9,2014,,,2.844,0.788,29.63,4
Hermosillo,1,29.08268637,-110.9556745,9,9,2014,,,2.313,0.651,29.63,4
Hermosillo,1,29.08268637,-110.9556745,10,8,2014,,,2.557,0,29.63,6
Hermosillo,1,29.08268637,-110.9556745,9,9,2014,,,2.322,0.668,29.63,8
Hermosillo,1,29.08268637,-110.9556745,9,11,2014,,,2.299,0.656,29.63,10
Hermosillo,1,29.08268637,-110.9556745,9,10,2014,,,2.242,,29.63,11
Hermosillo,1,29.08268637,-110.9556745,8,13,2014,,,2.545,0.736,29.63,14
Hermosillo,1,29.08268637,-110.9556745,8,13,2014,,,1.988,,29.63,15
Hermosillo,1,29.08268637,-110.9556745,8,14,2014,,,2.549,0.686,29.63,15
Hermosillo,1,29.08268637,-110.9556745,9,10,2014,,,2.841,0.783,29.63,33
Hermosillo,3,29.1341632,-110.9654744,8,15,2014,,,2.986,0.826,29.3,8
Hermosillo,3,29.1341632,-110.9654744,8,13,2014,,,2.398,0.673,29.3,8
Hermosillo,3,29.1341632,-110.9654744,8,14,2014,,,2.434,0.684,29.3,19
Hermosillo,3,29.1341632,-110.9654744,10,7,2014,,,2.665,0.732,29.3,22
Hermosillo,4,29.12245072,-110.9720153,10,9,2014,,,,0.699,29.58,1
Hermosillo,4,29.12245072,-110.9720153,8,13,2014,,,,0.879,29.58,3
Hermosillo,4,29.12245072,-110.9720153,9,11,2014,,,,0.754,29.58,6
Hermosillo,4,29.12245072,-110.9720153,9,9,2014,,,,0.746,29.58,18
Hermosillo,4,29.12245072,-110.9720153,9,9,2014,,,,0.662,29.58,33
Hermosillo,5,29.0915,-110.9815,9,10,2014,,,,0.614,29.65,4
Hermosillo,5,29.0915,-110.9815,8,15,2014,,,2.47,0,29.65,4
Hermosillo,5,29.0915,-110.9815,9,9,2014,,,,0.613,29.65,14
Hermosillo,5,29.0915,-110.9815,9,10,2014,,,,0.758,29.65,16
Hermosillo,5,29.0915,-110.9815,10,8,2014,,,,0.823,29.65,38
Hermosillo,6,29.07245979,-110.9721396,10,8,2014,,,,0.648,29.65,1
Hermosillo,6,29.07245979,-110.9721396,10,8,2014,,,,0.649,29.65,1
Hermosillo,6,29.07245979,-110.9721396,9,10,2014,,,,0.712,29.65,2
Hermosillo,6,29.07245979,-110.9721396,8,13,2014,,,,0.727,29.65,3
Hermosillo,6,29.07245979,-110.9721396,10,8,2014,,,,,29.65,4
Hermosillo,6,29.07245979,-110.9721396,10,9,2014,,,,0.827,29.65,7
Hermosillo,6,29.07245979,-110.9721396,8,15,2014,,,,0.756,29.65,9
Hermosillo,6,29.07245979,-110.9721396,10,7,2014,,,,,29.65,10
Hermosillo,6,29.07245979,-110.9721396,10,9,2014,,,,0.855,29.65,11
Hermosillo,6,29.07245979,-110.9721396,8,14,2014,,,,0.641,29.65,12
Hermosillo,6,29.07245979,-110.9721396,8,12,2014,,,,0.606,29.65,15
Hermosillo,6,29.07245979,-110.9721396,8,15,2014,,,0.222,0.064,29.65,17
Hermosillo,6,29.07245979,-110.9721396,9,9,2014,,,,0.697,29.65,18
Hermosillo,6,29.07245979,-110.9721396,10,16,2014,,,,0.811,29.65,29
Hermosillo,6,29.07245979,-110.9721396,8,15,2014,,,,0.565,29.65,30
Hermosillo,7,29.07992685,-110.9857602,9,9,2014,,,,,29.65,2
Hermosillo,7,29.07992685,-110.9857602,9,10,2014,,,,,29.65,4
Hermosillo,7,29.07992685,-110.9857602,9,9,2014,,,,,29.65,5
Hermosillo,7,29.07992685,-110.9857602,10,10,2014,,,,,29.65,9
Hermosillo,7,29.07992685,-110.9857602,8,12,2014,,,,,29.65,12
Hermosillo,7,29.07992685,-110.9857602,10,10,2014,,,,,29.65,14
Hermosillo,7,29.07992685,-110.9857602,9,9,2014,,,,,29.65,14
Hermosillo,7,29.07992685,-110.9857602,10,8,2014,,,,,29.65,15
Hermosillo,7,29.07992685,-110.9857602,10,10,2014,,,,,29.65,20
Hermosillo,7,29.07992685,-110.9857602,10,8,2014,,,2.057,,29.65,26
Hermosillo,7,29.07992685,-110.9857602,8,13,2014,,,,,29.65,27
Hermosillo,8,29.104,-111.002,8,12,2014,,,,,29.6,4
Hermosillo,8,29.104,-111.002,9,9,2014,,,,,29.6,7
Hermosillo,8,29.104,-111.002,8,12,2014,,,,,29.6,8
Hermosillo,8,29.104,-111.002,8,13,2014,,,,,29.6,10
Hermosillo,8,29.104,-111.002,8,13,2014,,,,,29.6,10
Hermosillo,9,29.10079634,-111.0141063,8,13,2014,,,,,29.6,2
Hermosillo,9,29.10079634,-111.0141063,10,8,2014,,,,,29.6,5
Hermosillo,9,29.10079634,-111.0141063,10,10,2014,,,0.051,0.001,29.6,6
Hermosillo,9,29.10079634,-111.0141063,9,11,2014,,,,,29.6,7
Hermosillo,9,29.10079634,-111.0141063,10,10,2014,,,,,29.6,8
Hermosillo,9,29.10079634,-111.0141063,10,8,2014,,,,,29.6,9
Hermosillo,9,29.10079634,-111.0141063,9,12,2014,,,,,29.6,9
Hermosillo,9,29.10079634,-111.0141063,10,10,2014,,,,,29.6,15
Hermosillo,9,29.10079634,-111.0141063,8,15,2014,,,,,29.6,16
Hermosillo,9,29.10079634,-111.0141063,10,8,2014,,,,,29.6,24
Hermosillo,9,29.10079634,-111.0141063,8,15,2014,,,,,29.6,28
Hermosillo,9,29.10079634,-111.0141063,8,15,2014,,,,,29.6,29
Hermosillo,11,29.10761671,-111.0431564,8,14,2014,,,,,29.63,1
Hermosillo,11,29.10761671,-111.0431564,10,9,2014,,,,,29.63,11
Hermosillo,12,29.05892086,-110.9570923,9,10,2014,,,,,29.6,1
Hermosillo,12,29.05892086,-110.9570923,10,10,2014,,,,,29.6,5
Hermosillo,12,29.05892086,-110.9570923,10,9,2014,,,,,29.6,9
Hermosillo,12,29.05892086,-110.9570923,9,10,2014,,,,,29.6,9
Hermosillo,12,29.05892086,-110.9570923,10,9,2014,,,,,29.6,10
Hermosillo,12,29.05892086,-110.9570923,8,14,2014,,,,,29.6,11
Hermosillo,12,29.05892086,-110.9570923,10,10,2014,,,,,29.6,12
Hermosillo,12,29.05892086,-110.9570923,10,8,2014,,,,,29.6,17
Hermosillo,12,29.05892086,-110.9570923,9,9,2014,,,0.368,,29.6,22
Hermosillo,12,29.05892086,-110.9570923,10,9,2014,,,,,29.6,22
Hermosillo,12,29.05892086,-110.9570923,10,8,2014,,,,,29.6,25
Hermosillo,12,29.05892086,-110.9570923,10,10,2014,,,,,29.6,31
Hermosillo,13,29.03327954,-110.9511223,8,14,2014,,,,,29.45,2
Hermosillo,13,29.03327954,-110.9511223,10,7,2014,,,2.779,0,29.45,3
Hermosillo,13,29.03327954,-110.9511223,10,10,2014,,,,,29.45,3
Hermosillo,13,29.03327954,-110.9511223,9,9,2014,,,,,29.45,4
Hermosillo,13,29.03327954,-110.9511223,10,10,2014,,,,,29.45,5
Hermosillo,13,29.03327954,-110.9511223,9,10,2014,,,2.387,0,29.45,13
Hermosillo,13,29.03327954,-110.9511223,10,10,2014,,,,,29.45,16
Hermosillo,13,29.03327954,-110.9511223,8,12,2014,,,2.523,,29.45,18
Hermosillo,13,29.03327954,-110.9511223,10,9,2014,,,,,29.45,18
Hermosillo,13,29.03327954,-110.9511223,9,9,2014,,,,,29.45,25
Hermosillo,13,29.03327954,-110.9511223,8,13,2014,,,2.83,,29.45,31
Hermosillo,14,29.05154527,-110.9784334,9,11,2014,,,0.605,0.185,29.55,1
Hermosillo,14,29.05154527,-110.9784334,9,11,2014,,,,,29.55,1
Hermosillo,14,29.05154527,-110.9784334,9,9,2014,,,,,29.55,2
Hermosillo,14,29.05154527,-110.9784334,8,15,2014,,,,,29.55,3
Hermosillo,14,29.05154527,-110.9784334,8,13,2014,,,,,29.55,9
Hermosillo,14,29.05154527,-110.9784334,8,14,2014,,,,,29.55,11
Hermosillo,14,29.05154527,-110.9784334,10,7,2014,,,2.701,,29.55,11
Hermosillo,14,29.05154527,-110.9784334,10,7,2014,,,,,29.55,12
Hermosillo,14,29.05154527,-110.9784334,10,7,2014,,,,,29.55,14
Hermosillo,14,29.05154527,-110.9784334,9,12,2014,,,,,29.55,15
Hermosillo,14,29.05154527,-110.9784334,9,11,2014,,,,,29.55,21
Hermosillo,14,29.05154527,-110.9784334,8,13,2014,,,,,29.55,25
Hermosillo,14,29.05154527,-110.9784334,10,7,2014,,,,,29.55,28
Hermosillo,14,29.05154527,-110.9784334,9,11,2014,,,,,29.55,29
Hermosillo,14,29.05154527,-110.9784334,10,7,2014,,,2.213,0,29.55,39
Hermosillo,15,29.0164,-110.9426,8,13,2014,,,,,29.3,30
Hermosillo,16,29.1078,-110.9504,10,7,2014,,,,,29.55,7
Hermosillo,16,29.1078,-110.9504,9,10,2014,,,,,29.55,9
Hermosillo,16,29.1078,-110.9504,9,10,2014,,,,,29.55,10
Hermosillo,16,29.1078,-110.9504,8,12,2014,,,,,29.55,12
Hermosillo,16,29.1078,-110.9504,10,7,2014,,,,,29.55,13
Hermosillo,16,29.1078,-110.9504,10,8,2014,,,,,29.55,26
Hermosillo,17,32.246188,-110.897939,9,10,2014,,,,,29.15,29
Hermosillo,18,29.14349908,-110.9831015,9,11,2014,,,,,29.38,25
Hermosillo,18,29.14349908,-110.9831015,8,15,2014,,,,,29.38,26
Hermosillo,19,29.14767034,-111.0145166,10,10,2014,,,,,29.5,3
Hermosillo,19,29.14767034,-111.0145166,10,10,2014,,,,,29.5,32
Hermosillo,19,29.14767034,-111.0145166,10,10,2014,,,,,29.5,36
Hermosillo,20,29.15563549,-111.0193942,8,4,2014,,,2.644,0,29.43,6
Hermosillo,20,29.15563549,-111.0193942,10,7,2014,,,,,29.43,7
Hermosillo,20,29.15563549,-111.0193942,10,10,2014,,,0.04,0.014,29.43,19
Hermosillo,20,29.15563549,-111.0193942,10,9,2014,,,,,29.43,23
Hermosillo,21,29.16883305,-111.0196216,10,7,2014,,,0.371,,29.3,2
Hermosillo,21,29.16883305,-111.0196216,10,8,2014,,,,,29.3,8
Hermosillo,21,29.16883305,-111.0196216,10,8,2014,,,,,29.3,27
Hermosillo,22,29.14538759,-111.0306748,10,9,2014,,,,,29.5,1
Hermosillo,22,29.14538759,-111.0306748,10,7,2014,,,,,29.5,11
Hermosillo,23,,,10,7,2014,,,,,,1
Hermosillo,23,,,10,8,2014,,,0.073,0.036,,3
Hermosillo,23,,,10,9,2014,,,,,,5
Hermosillo,24,29.13179965,-111.0213722,10,8,2014,,,,,29.6,1
Hermosillo,24,29.13179965,-111.0213722,10,7,2014,,,,,29.6,9
Hermosillo,24,29.13179965,-111.0213722,10,8,2014,,,,,29.6,11
Hermosillo,25,29.10645801,-110.9624499,8,14,2014,,,,,29.58,1
Hermosillo,25,29.10645801,-110.9624499,9,9,2014,,,,,29.58,2
Hermosillo,25,29.10645801,-110.9624499,10,9,2014,,,,,29.58,4
Hermosillo,25,29.10645801,-110.9624499,10,9,2014,,,,,29.58,4
Hermosillo,25,29.10645801,-110.9624499,10,7,2014,,,,,29.58,5
Hermosillo,25,29.10645801,-110.9624499,10,7,2014,,,,,29.58,7
Hermosillo,25,29.10645801,-110.9624499,10,8,2014,,,,,29.58,7
Hermosillo,25,29.10645801,-110.9624499,9,12,2014,,,,,29.58,9
Hermosillo,25,29.10645801,-110.9624499,9,9,2014,,,,,29.58,10
Hermosillo,25,29.10645801,-110.9624499,10,7,2014,,,,,29.58,10
Hermosillo,25,29.10645801,-110.9624499,10,8,2014,,,,,29.58,13
Hermosillo,25,29.10645801,-110.9624499,9,10,2014,,,,,29.58,13
Hermosillo,25,29.10645801,-110.9624499,9,10,2014,,,,,29.58,14
Hermosillo,25,29.10645801,-110.9624499,10,8,2014,,,0.053,,29.58,18
Hermosillo,25,29.10645801,-110.9624499,9,12,2014,,,2.076,0,29.58,20
Hermosillo,26,29.13991804,-110.9698462,9,10,2014,,,,,29.38,7
Hermosillo,26,29.13991804,-110.9698462,9,10,2014,,,,,29.38,8
Hermosillo,26,29.13991804,-110.9698462,8,13,2014,,,2.421,,29.38,12
Hermosillo,26,29.13991804,-110.9698462,9,10,2014,,,,,29.38,29
Hermosillo,27,29.12335099,-111.0004162,10,10,2014,,,,,29.63,1
Hermosillo,27,29.12335099,-111.0004162,10,10,2014,,,,,29.63,3
Hermosillo,27,29.12335099,-111.0004162,10,10,2014,,,,,29.63,6
Hermosillo,27,29.12335099,-111.0004162,10,8,2014,,,,,29.63,11
Hermosillo,27,29.12335099,-111.0004162,10,8,2014,,,,,29.63,15
Hermosillo,27,29.12335099,-111.0004162,10,8,2014,,,,,29.63,23
Hermosillo,27,29.12335099,-111.0004162,10,7,2014,,,,,29.63,31
Hermosillo,27,29.12335099,-111.0004162,10,8,2014,,,,,29.63,32
Hermosillo,28,,,8,15,2014,,,1.786,0,,15
Hermosillo,28,,,8,15,2014,,,,,,26
Hermosillo,29,29.00125782,-110.9450795,10,8,2014,,,,,,11
Hermosillo,29,29.00125782,-110.9450795,8,15,2014,,,,,,13
Hermosillo,30,29.00859292,-110.93271,8,15,2014,,,,,29.3,7
Hermosillo,30,29.00859292,-110.93271,10,10,2014,,,,,29.3,13
Hermosillo,30,29.00859292,-110.93271,9,10,2014,,,,,29.3,13
Hermosillo,30,29.00859292,-110.93271,9,9,2014,,,,,29.3,14
Hermosillo,30,29.00859292,-110.93271,10,7,2014,,,,,29.3,15
Hermosillo,30,29.00859292,-110.93271,8,12,2014,,,,,29.3,23
Hermosillo,30,29.00859292,-110.93271,8,13,2014,,,,,29.3,25
Hermosillo,32,29.05102444,-110.9366125,9,11,2014,,,,,29.35,2
Hermosillo,32,29.05102444,-110.9366125,10,8,2014,,,,,29.35,3
Hermosillo,32,29.05102444,-110.9366125,9,11,2014,,,,,29.35,4
Hermosillo,32,29.05102444,-110.9366125,10,9,2014,,,3.084,0,29.35,6
Hermosillo,32,29.05102444,-110.9366125,10,9,2014,,,,,29.35,7
Hermosillo,32,29.05102444,-110.9366125,8,14,2014,,,,,29.35,10
Hermosillo,32,29.05102444,-110.9366125,8,12,2014,,,,,29.35,13
Hermosillo,32,29.05102444,-110.9366125,8,12,2014,,,,,29.35,16
Hermosillo,32,29.05102444,-110.9366125,9,9,2014,,,,,29.35,17
Hermosillo,32,29.05102444,-110.9366125,9,9,2014,,,2.732,,29.35,41
Hermosillo,34,29.09305822,-110.9187056,8,13,2014,,,,,29.35,2
Hermosillo,34,29.09305822,-110.9187056,9,9,2014,,,2.089,0,29.35,21
Hermosillo,34,29.09305822,-110.9187056,8,15,2014,,,,,29.35,28
Hermosillo,35,29.09455466,-110.9467704,8,12,2014,,,,,29.5,1
Hermosillo,35,29.09455466,-110.9467704,10,9,2014,,,,,29.5,2
Hermosillo,35,29.09455466,-110.9467704,8,15,2014,,,,,29.5,3
Hermosillo,35,29.09455466,-110.9467704,8,14,2014,,,2.567,0,29.5,5
Hermosillo,35,29.09455466,-110.9467704,10,9,2014,,,,,29.5,5
Hermosillo,35,29.09455466,-110.9467704,8,15,2014,,,,,29.5,7
Hermosillo,35,29.09455466,-110.9467704,10,9,2014,,,,,29.5,12
Hermosillo,35,29.09455466,-110.9467704,9,12,2014,,,2.519,0,29.5,17
Hermosillo,35,29.09455466,-110.9467704,8,13,2014,,,,,29.5,18
Hermosillo,35,29.09455466,-110.9467704,10,9,2014,,,,,29.5,25
Hermosillo,35,29.09455466,-110.9467704,9,11,2014,,,,,29.5,36
Hermosillo,35,29.09455466,-110.9467704,10,9,2014,,,,,29.5,46
Hermosillo,35,29.09455466,-110.9467704,9,10,2014,,,,,29.5,49
Hermosillo,36,29.07846858,-110.9387508,10,7,2014,,,0.259,0.063,29.5,7
Hermosillo,36,29.07846858,-110.9387508,9,9,2014,,,,,29.5,10
Hermosillo,36,29.07846858,-110.9387508,10,7,2014,,,2.769,0,29.5,11
Hermosillo,36,29.07846858,-110.9387508,8,15,2014,,,,,29.5,30
Hermosillo,36,29.07846858,-110.9387508,8,13,2014,,,,,29.5,37
Hermosillo,37,29.08455708,-111.0367723,8,14,2014,,,,,,1
Hermosillo,37,29.08455708,-111.0367723,8,13,2014,,,,,,6
Hermosillo,37,29.08455708,-111.0367723,10,10,2014,,,,,,16
Hermosillo,38,29.08647553,-111.0034548,9,12,2014,,,,,29.6,4
Hermosillo,38,29.08647553,-111.0034548,,,2014,,,,,29.6,4
Hermosillo,38,29.08647553,-111.0034548,9,10,2014,,,,,29.6,6
Hermosillo,38,29.08647553,-111.0034548,8,12,2014,,,2.372,,29.6,9
Hermosillo,38,29.08647553,-111.0034548,10,8,2014,,,2.877,0,29.6,12
Hermosillo,38,29.08647553,-111.0034548,10,8,2014,,,,,29.6,13
Hermosillo,38,29.08647553,-111.0034548,10,8,2014,,,,,29.6,14
Hermosillo,38,29.08647553,-111.0034548,10,9,2014,,,,,29.6,16
Hermosillo,39,29.06849282,-110.9926592,9,11,2014,,,,,29.6,4
Hermosillo,39,29.06849282,-110.9926592,10,7,2014,,,,,29.6,7
Hermosillo,39,29.06849282,-110.9926592,10,7,2014,,,,,29.6,8
Hermosillo,39,29.06849282,-110.9926592,10,8,2014,,,,,29.6,9
Hermosillo,39,29.06849282,-110.9926592,10,8,2014,,,,,29.6,11
Hermosillo,40,29.05496287,-110.9962205,10,8,2014,,,,,29.55,8
Hermosillo,40,29.05496287,-110.9962205,10,9,2014,,,,,29.55,10
